0 96 109 122 146 154 159 174 204 229 230 247 272 277 293 316 318 326 334 357 365 370 388 391 404 421 432 425 429 423 419 455 448 459 472 494 512 518 517 530 538 539 546 556 551 562 565 577 587 598 589 611 626 633 612 618 640 643 656 648 660 665 668 683 680 690 691 697 712 706 718 719 698 694 720 725 739 747 754 753 736 732 721 738 742 731 735 744 734 717 704 708 687 677 670 678 684 705 689 679 674 659 654 644 647 651 658 625 610 593 579 585 596 597 568 560 578 561 553 550 533 529 505 516 511 507 491 485 462 454 437 442 424 406 396 400 389 386 381 343 327 301 276 275 254 245 238 235 215 185 179 171 138 116 87 51 24 0 
0 14 48 55 124 145 184 214 234 241 265 269 288 304 312 342 355 358 351 362 383 394 422 428 435 444 451 452 457 465 484 483 481 471 498 510 525 532 547 559 567 575 595 623 637 639 664 671 682 696 703 724 737 733 746 768 777 760 771 764 759 757 775 758 756 767 778 776 772 773 765 761 748 749 762 769 779 780 755 751 741 723 701 707 715 722 740 745 730 729 726 692 688 700 699 709 685 650 645 629 635 621 620 627 616 606 608 602 586 563 555 535 534 528 514 499 490 482 476 456 438 430 408 407 392 375 364 352 345 338 324 322 298 285 273 248 226 221 194 195 183 152 126 114 99 79 56 0 
0 36 40 45 64 82 75 97 94 88 111 115 132 136 142 162 168 189 181 208 210 211 218 224 232 249 268 280 291 302 321 329 335 359 374 379 385 380 363 382 372 367 384 387 402 414 413 399 401 415 431 445 458 473 479 488 492 487 474 464 449 439 446 450 453 467 477 497 501 508 524 527 536 543 531 544 548 573 566 581 591 594 607 624 622 619 601 584 582 554 549 537 545 509 502 522 515 503 489 478 480 470 460 461 443 441 427 420 426 411 397 377 361 360 348 336 337 339 347 350 353 325 317 310 294 311 300 309 307 287 282 281 286 274 256 261 252 250 236 225 220 212 209 200 196 187 182 172 164 163 156 139 127 107 104 101 98 84 70 76 73 62 57 52 46 0 
0 1 6 11 8 9 2 4 18 29 7 19 35 30 34 21 13 31 15 20 25 26 23 27 33 3 10 12 5 39 37 42 65 74 86 83 78 100 105 108 113 133 134 148 170 192 198 193 180 176 169 167 173 165 157 177 191 206 222 213 217 233 253 237 246 263 264 279 284 314 313 328 340 354 356 366 393 403 405 412 398 395 378 373 368 341 330 333 323 319 297 308 303 296 295 283 278 260 244 240 251 271 270 262 259 243 228 227 219 202 190 188 166 153 158 143 149 137 117 125 120 123 128 129 140 131 130 144 147 141 121 118 112 103 90 95 72 59 54 43 68 77 89 92 102 91 71 50 41 53 49 61 81 85 67 60 58 63 47 38 28 32 17 22 16 0 
0 66 80 93 119 151 160 175 178 197 199 205 216 231 239 257 258 289 299 306 320 332 344 371 390 410 416 417 433 436 447 475 493 495 496 486 513 519 523 521 526 542 574 570 571 552 558 572 580 603 592 605 615 636 646 634 642 662 655 657 676 681 686 710 713 711 728 743 752 766 770 774 782 781 763 750 727 716 714 702 695 693 669 675 673 667 666 663 672 661 653 652 632 630 638 649 641 631 628 614 617 609 588 604 613 600 599 590 583 576 569 564 557 541 540 520 504 506 500 466 468 469 463 440 434 418 409 376 369 346 349 331 315 292 305 290 267 266 255 242 223 207 201 203 186 161 155 150 135 110 106 69 44 0 

0 96 109 122 146 154 159 174 204 229 230 247 272 277 293 316 318 326 334 357 365 370 388 391 404 421 432 425 429 423 419 455 448 459 472 494 512 518 517 530 538 539 546 556 551 562 565 577 587 598 589 611 626 633 612 618 640 643 656 648 660 665 668 683 680 690 691 697 712 706 718 719 698 694 720 725 739 748 749 762 769 779 780 755 751 741 723 701 707 715 722 740 745 730 729 726 692 688 700 699 709 685 650 645 629 635 621 620 627 616 606 608 602 586 563 555 535 534 528 514 499 490 482 476 456 438 430 408 407 392 375 364 352 345 338 324 322 298 285 273 248 226 221 194 195 183 152 126 114 99 79 56 0 
0 14 48 55 124 145 184 214 234 241 265 269 288 304 312 342 355 358 351 362 383 394 422 428 435 444 451 452 457 465 484 483 481 471 498 510 525 532 547 559 567 575 595 623 637 639 664 671 682 696 703 724 737 733 746 768 777 760 771 764 759 757 775 758 756 767 778 776 772 773 765 761 747 754 753 736 732 721 738 742 731 735 744 734 717 704 708 687 677 670 678 684 705 689 679 674 659 654 644 647 651 658 625 610 593 579 585 596 597 568 560 578 561 553 550 533 529 505 516 511 507 491 485 462 454 437 442 424 406 396 400 389 386 381 343 327 301 276 275 254 245 238 235 215 185 179 171 138 116 87 51 24 0 
0 36 40 45 64 82 75 97 94 88 111 115 132 136 142 162 168 189 181 208 210 211 218 224 232 249 268 280 291 302 321 329 335 359 374 379 385 380 363 382 372 367 384 387 402 414 413 399 401 415 431 445 458 473 479 488 492 487 474 464 449 439 446 450 453 467 477 497 501 508 524 527 536 543 531 544 548 573 566 581 591 594 607 624 622 619 601 584 582 554 549 537 545 509 502 522 515 503 489 478 480 470 460 461 443 441 427 420 426 411 397 377 361 360 348 336 337 339 347 350 353 325 317 310 294 311 300 309 307 287 282 281 286 274 256 261 252 250 236 225 220 212 209 200 196 187 182 172 164 163 156 139 127 107 104 101 98 84 70 76 73 62 57 52 46 0 
0 1 6 11 8 9 2 4 18 29 7 19 35 30 34 21 13 31 15 20 25 26 23 27 33 3 10 12 5 39 37 42 65 74 86 83 78 100 105 108 113 133 134 148 170 192 198 193 180 176 169 167 173 165 157 177 191 206 222 213 217 233 253 237 246 263 264 279 284 314 313 328 340 354 356 366 393 403 405 412 398 395 378 373 368 341 330 333 323 319 297 308 303 296 295 283 278 260 244 240 251 271 270 262 259 243 228 227 219 202 190 188 166 153 158 143 149 137 117 125 120 123 128 129 140 131 130 144 147 141 121 118 112 103 90 95 72 59 54 43 68 77 89 92 102 91 71 50 41 53 49 61 81 85 67 60 58 63 47 38 28 32 17 22 16 0 
0 66 80 93 119 151 160 175 178 197 199 205 216 231 239 257 258 289 299 306 320 332 344 371 390 410 416 417 433 436 447 475 493 495 496 486 513 519 523 521 526 542 574 570 571 552 558 572 580 603 592 605 615 636 646 634 642 662 655 657 676 681 686 710 713 711 728 743 752 766 770 774 782 781 763 750 727 716 714 702 695 693 669 675 673 667 666 663 672 661 653 652 632 630 638 649 641 631 628 614 617 609 588 604 613 600 599 590 583 576 569 564 557 541 540 520 504 506 500 466 468 469 463 440 434 418 409 376 369 346 349 331 315 292 305 290 267 266 255 242 223 207 201 203 186 161 155 150 135 110 106 69 44 0 
